615
604
245
1009
1252
124
755
219
139
167
931
1263
925
671
1245
936
948
457
743
1271
1184
1077
1078
1069
42
77
1079
1223
973
1284
977
319
1080
252
196
99
312
1269
989
320
1018
693
707
220
708
709
197
30
943
685
510
969
1081
78
1301
140
753
109
258
134
616
1249
211
1099
655
614
135
125
1100
1101
1082
757
536
1017
1015
1187
718
665
35
366
267
259
560
168
80
1154
1302
81
699
626
367
368
17
451
369
1278
82
1247
540
547
321
558
752
79
677
1273
322
1102
126
896
686
903
169
978
28
198
1155
551
1083
221
1103
1225
283
1183
991
754
1104
64
1261
1002
1070
1071
65
284
370
988
379
222
1156
102
83
959
950
1253
1114
1157
325
1004
967
966
688
84
378
377
1023
380
659
1293
1028
381
559
555
75
546
740
69
382
190
1036
238
260
372
373
141
374
371
1106
682
1105
1260
1084
375
539
951
177
107
66
111
1107
1108
304
1109
45
1158
142
1159
664
662
911
236
237
376
998
1297
1110
1215
103
1085
1111
261
650
1072
23
85
979
1086
999
1305
170
326
223
383
1212
384
1087
179
681
1272
225
577
36
942
217
101
1012
43
1088
86
952
385
1112
143
914
916
47
1113
462
262
992
1033
739
749
638
208
199
104
144
1025
145
962
1283
87
637
21
76
147
1160
386
613
180
717
674
1115
1116
1262
1117
1281
1267
1118
1119
246
285
70
564
563
127
676
1217
1290
1120
542
963
123
1121
937
146
657
1268
982
970
148
649
1185
227
1250
968
311
286
182
974
1089
112
171
181
362
327
742
328
945
1005
338
210
647
247
228
289
561
1246
971
149
150
287
288
151
658
329
583
706
152
54
387
1206
1205
458
153
172
273
39
271
183
1090
257
209
388
229
191
154
1073
230
248
516
280
279
253
1242
55
1243
524
207
106
276
277
155
330
678
508
389
254
200
625
184
390
56
306
231
620
1003
556
272
391
1287
268
137
71
24
961
635
72
1224
1014
100
57
1032
88
1251
958
1007
1266
1008
1011
331
187
544
89
1237
528
242
90
986
1
1122
239
156
128
129
130
456
710
185
901
392
232
865
1264
975
1123
186
938
1124
905
290
241
240
1035
935
844
853
857
856
842
864
836
837
838
839
840
841
873
866
843
870
848
849
850
845
869
855
877
876
878
879
846
875
863
874
847
956
1125
218
249
393
136
1026
192
667
394
941
673
1016
570
212
924
940
987
944
1230
1299
46
1006
291
157
1126
453
684
1020
612
611
73
919
25
947
113
263
395
37
58
1161
178
527
92
619
255
91
1275
93
1127
202
1239
1241
278
193
990
623
264
1162
661
646
396
1248
1279
1276
1164
711
980
292
3
909
158
518
44
747
1029
195
307
188
926
1128
1129
114
176
203
1130
1131
173
913
1074
1075
1132
333
621
162
48
1091
233
1165
159
927
639
131
523
517
902
522
1133
256
160
617
293
997
282
993
401
907
94
334
243
108
399
455
398
618
26
689
115
590
1134
244
161
981
1135
1136
514
400
1092
624
116
652
1303
335
402
132
670
265
1146
1232
274
515
713
1254
270
133
1298
34
117
118
1031
40
266
1218
1024
976
588
32
628
308
452
1013
1093
294
119
1094
96
1137
1076
633
1282
19
1306
1240
513
1285
461
250
403
1147
295
1148
964
213
120
163
1166
303
29
105
1149
622
138
269
15
1226
1222
74
1138
204
110
1150
297
404
946
205
1294
121
983
20
610
60
984
1097
965
704
1010
1139
1095
59
174
906
31
275
1244
632
300
301
206
302
97
1300
716
298
549
299
27
1096
405
310
1151
526
1140
1027
41
1141
309
744
16
166
985
251
165
61
1153
62
571
1286
189
1142
1143
535
406
1238
1201
1152
972
51
68
67
33
63
98
918
1308
194
643
122
